0.1 0.01 0.2 0 1
0.1 0.01 0.2 0 2
0.1 0.01 0.2 0 3
0.1 0.01 0.2 0 4
0.1 0.01 0.2 0 5
0.1 0.01 0.2 0 6
0.1 0.01 0.2 0 7
0.1 0.01 0.2 0 8
0.1 0.01 0.2 0 9
0.1 0.01 0.2 0 10
0.1 0.01 0.2 0 11
0.1 0.01 0.2 0 12
0.1 0.01 0.2 0 13
0.1 0.01 0.2 0 14
0.1 0.01 0.2 0 15
0.1 0.01 0.2 0 16
0.1 0.01 0.2 0 17
0.1 0.01 0.2 0 18
0.1 0.01 0.2 0 19
0.1 0.01 0.2 0 20
0.1 0.01 0.2 0 21
0.1 0.01 0.2 0 22
0.1 0.01 0.2 0 23
0.1 0.01 0.2 0 24
0.1 0.01 0.2 0 25
0.1 0.01 0.2 0 26
0.1 0.01 0.2 0 27
0.1 0.01 0.2 0 28
0.1 0.01 0.2 0 29
0.1 0.01 0.2 0 30
0.1 0.01 0.2 0 31
0.1 0.01 0.2 0 32
0.1 0.01 0.2 0 33
0.1 0.01 0.2 0 34
0.1 0.01 0.2 0 35
0.1 0.01 0.2 0 36
0.1 0.01 0.2 0 37
0.1 0.01 0.2 0 38
0.1 0.01 0.2 0 39
0.1 0.01 0.2 0 40
0.1 0.01 0.2 0 41
0.1 0.01 0.2 0 42
0.1 0.01 0.2 0 43
0.1 0.01 0.2 0 44
0.1 0.01 0.2 0 45
0.1 0.01 0.2 0 46
0.1 0.01 0.2 0 47
0.1 0.01 0.2 0 48
0.1 0.01 0.2 0 49
0.1 0.01 0.2 0 50
0.1 0.01 0.2 0.25 1
0.1 0.01 0.2 0.25 2
0.1 0.01 0.2 0.25 3
0.1 0.01 0.2 0.25 4
0.1 0.01 0.2 0.25 5
0.1 0.01 0.2 0.25 6
0.1 0.01 0.2 0.25 7
0.1 0.01 0.2 0.25 8
0.1 0.01 0.2 0.25 9
0.1 0.01 0.2 0.25 10
0.1 0.01 0.2 0.25 11
0.1 0.01 0.2 0.25 12
0.1 0.01 0.2 0.25 13
0.1 0.01 0.2 0.25 14
0.1 0.01 0.2 0.25 15
0.1 0.01 0.2 0.25 16
0.1 0.01 0.2 0.25 17
0.1 0.01 0.2 0.25 18
0.1 0.01 0.2 0.25 19
0.1 0.01 0.2 0.25 20
0.1 0.01 0.2 0.25 21
0.1 0.01 0.2 0.25 22
0.1 0.01 0.2 0.25 23
0.1 0.01 0.2 0.25 24
0.1 0.01 0.2 0.25 25
0.1 0.01 0.2 0.25 26
0.1 0.01 0.2 0.25 27
0.1 0.01 0.2 0.25 28
0.1 0.01 0.2 0.25 29
0.1 0.01 0.2 0.25 30
0.1 0.01 0.2 0.25 31
0.1 0.01 0.2 0.25 32
0.1 0.01 0.2 0.25 33
0.1 0.01 0.2 0.25 34
0.1 0.01 0.2 0.25 35
0.1 0.01 0.2 0.25 36
0.1 0.01 0.2 0.25 37
0.1 0.01 0.2 0.25 38
0.1 0.01 0.2 0.25 39
0.1 0.01 0.2 0.25 40
0.1 0.01 0.2 0.25 41
0.1 0.01 0.2 0.25 42
0.1 0.01 0.2 0.25 43
0.1 0.01 0.2 0.25 44
0.1 0.01 0.2 0.25 45
0.1 0.01 0.2 0.25 46
0.1 0.01 0.2 0.25 47
0.1 0.01 0.2 0.25 48
0.1 0.01 0.2 0.25 49
0.1 0.01 0.2 0.25 50
0.1 0.01 0.2 0.5 1
0.1 0.01 0.2 0.5 2
0.1 0.01 0.2 0.5 3
0.1 0.01 0.2 0.5 4
0.1 0.01 0.2 0.5 5
0.1 0.01 0.2 0.5 6
0.1 0.01 0.2 0.5 7
0.1 0.01 0.2 0.5 8
0.1 0.01 0.2 0.5 9
0.1 0.01 0.2 0.5 10
0.1 0.01 0.2 0.5 11
0.1 0.01 0.2 0.5 12
0.1 0.01 0.2 0.5 13
0.1 0.01 0.2 0.5 14
0.1 0.01 0.2 0.5 15
0.1 0.01 0.2 0.5 16
0.1 0.01 0.2 0.5 17
0.1 0.01 0.2 0.5 18
0.1 0.01 0.2 0.5 19
0.1 0.01 0.2 0.5 20
0.1 0.01 0.2 0.5 21
0.1 0.01 0.2 0.5 22
0.1 0.01 0.2 0.5 23
0.1 0.01 0.2 0.5 24
0.1 0.01 0.2 0.5 25
0.1 0.01 0.2 0.5 26
0.1 0.01 0.2 0.5 27
0.1 0.01 0.2 0.5 28
0.1 0.01 0.2 0.5 29
0.1 0.01 0.2 0.5 30
0.1 0.01 0.2 0.5 31
0.1 0.01 0.2 0.5 32
0.1 0.01 0.2 0.5 33
0.1 0.01 0.2 0.5 34
0.1 0.01 0.2 0.5 35
0.1 0.01 0.2 0.5 36
0.1 0.01 0.2 0.5 37
0.1 0.01 0.2 0.5 38
0.1 0.01 0.2 0.5 39
0.1 0.01 0.2 0.5 40
0.1 0.01 0.2 0.5 41
0.1 0.01 0.2 0.5 42
0.1 0.01 0.2 0.5 43
0.1 0.01 0.2 0.5 44
0.1 0.01 0.2 0.5 45
0.1 0.01 0.2 0.5 46
0.1 0.01 0.2 0.5 47
0.1 0.01 0.2 0.5 48
0.1 0.01 0.2 0.5 49
0.1 0.01 0.2 0.5 50
0.1 0.01 0.2 1 1
0.1 0.01 0.2 1 2
0.1 0.01 0.2 1 3
0.1 0.01 0.2 1 4
0.1 0.01 0.2 1 5
0.1 0.01 0.2 1 6
0.1 0.01 0.2 1 7
0.1 0.01 0.2 1 8
0.1 0.01 0.2 1 9
0.1 0.01 0.2 1 10
0.1 0.01 0.2 1 11
0.1 0.01 0.2 1 12
0.1 0.01 0.2 1 13
0.1 0.01 0.2 1 14
0.1 0.01 0.2 1 15
0.1 0.01 0.2 1 16
0.1 0.01 0.2 1 17
0.1 0.01 0.2 1 18
0.1 0.01 0.2 1 19
0.1 0.01 0.2 1 20
0.1 0.01 0.2 1 21
0.1 0.01 0.2 1 22
0.1 0.01 0.2 1 23
0.1 0.01 0.2 1 24
0.1 0.01 0.2 1 25
0.1 0.01 0.2 1 26
0.1 0.01 0.2 1 27
0.1 0.01 0.2 1 28
0.1 0.01 0.2 1 29
0.1 0.01 0.2 1 30
0.1 0.01 0.2 1 31
0.1 0.01 0.2 1 32
0.1 0.01 0.2 1 33
0.1 0.01 0.2 1 34
0.1 0.01 0.2 1 35
0.1 0.01 0.2 1 36
0.1 0.01 0.2 1 37
0.1 0.01 0.2 1 38
0.1 0.01 0.2 1 39
0.1 0.01 0.2 1 40
0.1 0.01 0.2 1 41
0.1 0.01 0.2 1 42
0.1 0.01 0.2 1 43
0.1 0.01 0.2 1 44
0.1 0.01 0.2 1 45
0.1 0.01 0.2 1 46
0.1 0.01 0.2 1 47
0.1 0.01 0.2 1 48
0.1 0.01 0.2 1 49
0.1 0.01 0.2 1 50
0.1 0.01 0.6 0 1
0.1 0.01 0.6 0 2
0.1 0.01 0.6 0 3
0.1 0.01 0.6 0 4
0.1 0.01 0.6 0 5
0.1 0.01 0.6 0 6
0.1 0.01 0.6 0 7
0.1 0.01 0.6 0 8
0.1 0.01 0.6 0 9
0.1 0.01 0.6 0 10
0.1 0.01 0.6 0 11
0.1 0.01 0.6 0 12
0.1 0.01 0.6 0 13
0.1 0.01 0.6 0 14
0.1 0.01 0.6 0 15
0.1 0.01 0.6 0 16
0.1 0.01 0.6 0 17
0.1 0.01 0.6 0 18
0.1 0.01 0.6 0 19
0.1 0.01 0.6 0 20
0.1 0.01 0.6 0 21
0.1 0.01 0.6 0 22
0.1 0.01 0.6 0 23
0.1 0.01 0.6 0 24
0.1 0.01 0.6 0 25
0.1 0.01 0.6 0 26
0.1 0.01 0.6 0 27
0.1 0.01 0.6 0 28
0.1 0.01 0.6 0 29
0.1 0.01 0.6 0 30
0.1 0.01 0.6 0 31
0.1 0.01 0.6 0 32
0.1 0.01 0.6 0 33
0.1 0.01 0.6 0 34
0.1 0.01 0.6 0 35
0.1 0.01 0.6 0 36
0.1 0.01 0.6 0 37
0.1 0.01 0.6 0 38
0.1 0.01 0.6 0 39
0.1 0.01 0.6 0 40
0.1 0.01 0.6 0 41
0.1 0.01 0.6 0 42
0.1 0.01 0.6 0 43
0.1 0.01 0.6 0 44
0.1 0.01 0.6 0 45
0.1 0.01 0.6 0 46
0.1 0.01 0.6 0 47
0.1 0.01 0.6 0 48
0.1 0.01 0.6 0 49
0.1 0.01 0.6 0 50
0.1 0.01 0.6 0.25 1
0.1 0.01 0.6 0.25 2
0.1 0.01 0.6 0.25 3
0.1 0.01 0.6 0.25 4
0.1 0.01 0.6 0.25 5
0.1 0.01 0.6 0.25 6
0.1 0.01 0.6 0.25 7
0.1 0.01 0.6 0.25 8
0.1 0.01 0.6 0.25 9
0.1 0.01 0.6 0.25 10
0.1 0.01 0.6 0.25 11
0.1 0.01 0.6 0.25 12
0.1 0.01 0.6 0.25 13
0.1 0.01 0.6 0.25 14
0.1 0.01 0.6 0.25 15
0.1 0.01 0.6 0.25 16
0.1 0.01 0.6 0.25 17
0.1 0.01 0.6 0.25 18
0.1 0.01 0.6 0.25 19
0.1 0.01 0.6 0.25 20
0.1 0.01 0.6 0.25 21
0.1 0.01 0.6 0.25 22
0.1 0.01 0.6 0.25 23
0.1 0.01 0.6 0.25 24
0.1 0.01 0.6 0.25 25
0.1 0.01 0.6 0.25 26
0.1 0.01 0.6 0.25 27
0.1 0.01 0.6 0.25 28
0.1 0.01 0.6 0.25 29
0.1 0.01 0.6 0.25 30
0.1 0.01 0.6 0.25 31
0.1 0.01 0.6 0.25 32
0.1 0.01 0.6 0.25 33
0.1 0.01 0.6 0.25 34
0.1 0.01 0.6 0.25 35
0.1 0.01 0.6 0.25 36
0.1 0.01 0.6 0.25 37
0.1 0.01 0.6 0.25 38
0.1 0.01 0.6 0.25 39
0.1 0.01 0.6 0.25 40
0.1 0.01 0.6 0.25 41
0.1 0.01 0.6 0.25 42
0.1 0.01 0.6 0.25 43
0.1 0.01 0.6 0.25 44
0.1 0.01 0.6 0.25 45
0.1 0.01 0.6 0.25 46
0.1 0.01 0.6 0.25 47
0.1 0.01 0.6 0.25 48
0.1 0.01 0.6 0.25 49
0.1 0.01 0.6 0.25 50
0.1 0.01 0.6 0.5 1
0.1 0.01 0.6 0.5 2
0.1 0.01 0.6 0.5 3
0.1 0.01 0.6 0.5 4
0.1 0.01 0.6 0.5 5
0.1 0.01 0.6 0.5 6
0.1 0.01 0.6 0.5 7
0.1 0.01 0.6 0.5 8
0.1 0.01 0.6 0.5 9
0.1 0.01 0.6 0.5 10
0.1 0.01 0.6 0.5 11
0.1 0.01 0.6 0.5 12
0.1 0.01 0.6 0.5 13
0.1 0.01 0.6 0.5 14
0.1 0.01 0.6 0.5 15
0.1 0.01 0.6 0.5 16
0.1 0.01 0.6 0.5 17
0.1 0.01 0.6 0.5 18
0.1 0.01 0.6 0.5 19
0.1 0.01 0.6 0.5 20
0.1 0.01 0.6 0.5 21
0.1 0.01 0.6 0.5 22
0.1 0.01 0.6 0.5 23
0.1 0.01 0.6 0.5 24
0.1 0.01 0.6 0.5 25
0.1 0.01 0.6 0.5 26
0.1 0.01 0.6 0.5 27
0.1 0.01 0.6 0.5 28
0.1 0.01 0.6 0.5 29
0.1 0.01 0.6 0.5 30
0.1 0.01 0.6 0.5 31
0.1 0.01 0.6 0.5 32
0.1 0.01 0.6 0.5 33
0.1 0.01 0.6 0.5 34
0.1 0.01 0.6 0.5 35
0.1 0.01 0.6 0.5 36
0.1 0.01 0.6 0.5 37
0.1 0.01 0.6 0.5 38
0.1 0.01 0.6 0.5 39
0.1 0.01 0.6 0.5 40
0.1 0.01 0.6 0.5 41
0.1 0.01 0.6 0.5 42
0.1 0.01 0.6 0.5 43
0.1 0.01 0.6 0.5 44
0.1 0.01 0.6 0.5 45
0.1 0.01 0.6 0.5 46
0.1 0.01 0.6 0.5 47
0.1 0.01 0.6 0.5 48
0.1 0.01 0.6 0.5 49
0.1 0.01 0.6 0.5 50
0.1 0.01 0.6 1 1
0.1 0.01 0.6 1 2
0.1 0.01 0.6 1 3
0.1 0.01 0.6 1 4
0.1 0.01 0.6 1 5
0.1 0.01 0.6 1 6
0.1 0.01 0.6 1 7
0.1 0.01 0.6 1 8
0.1 0.01 0.6 1 9
0.1 0.01 0.6 1 10
0.1 0.01 0.6 1 11
0.1 0.01 0.6 1 12
0.1 0.01 0.6 1 13
0.1 0.01 0.6 1 14
0.1 0.01 0.6 1 15
0.1 0.01 0.6 1 16
0.1 0.01 0.6 1 17
0.1 0.01 0.6 1 18
0.1 0.01 0.6 1 19
0.1 0.01 0.6 1 20
0.1 0.01 0.6 1 21
0.1 0.01 0.6 1 22
0.1 0.01 0.6 1 23
0.1 0.01 0.6 1 24
0.1 0.01 0.6 1 25
0.1 0.01 0.6 1 26
0.1 0.01 0.6 1 27
0.1 0.01 0.6 1 28
0.1 0.01 0.6 1 29
0.1 0.01 0.6 1 30
0.1 0.01 0.6 1 31
0.1 0.01 0.6 1 32
0.1 0.01 0.6 1 33
0.1 0.01 0.6 1 34
0.1 0.01 0.6 1 35
0.1 0.01 0.6 1 36
0.1 0.01 0.6 1 37
0.1 0.01 0.6 1 38
0.1 0.01 0.6 1 39
0.1 0.01 0.6 1 40
0.1 0.01 0.6 1 41
0.1 0.01 0.6 1 42
0.1 0.01 0.6 1 43
0.1 0.01 0.6 1 44
0.1 0.01 0.6 1 45
0.1 0.01 0.6 1 46
0.1 0.01 0.6 1 47
0.1 0.01 0.6 1 48
0.1 0.01 0.6 1 49
0.1 0.01 0.6 1 50
0.5 0.01 0.2 0 1
0.5 0.01 0.2 0 2
0.5 0.01 0.2 0 3
0.5 0.01 0.2 0 4
0.5 0.01 0.2 0 5
0.5 0.01 0.2 0 6
0.5 0.01 0.2 0 7
0.5 0.01 0.2 0 8
0.5 0.01 0.2 0 9
0.5 0.01 0.2 0 10
0.5 0.01 0.2 0 11
0.5 0.01 0.2 0 12
0.5 0.01 0.2 0 13
0.5 0.01 0.2 0 14
0.5 0.01 0.2 0 15
0.5 0.01 0.2 0 16
0.5 0.01 0.2 0 17
0.5 0.01 0.2 0 18
0.5 0.01 0.2 0 19
0.5 0.01 0.2 0 20
0.5 0.01 0.2 0 21
0.5 0.01 0.2 0 22
0.5 0.01 0.2 0 23
0.5 0.01 0.2 0 24
0.5 0.01 0.2 0 25
0.5 0.01 0.2 0 26
0.5 0.01 0.2 0 27
0.5 0.01 0.2 0 28
0.5 0.01 0.2 0 29
0.5 0.01 0.2 0 30
0.5 0.01 0.2 0 31
0.5 0.01 0.2 0 32
0.5 0.01 0.2 0 33
0.5 0.01 0.2 0 34
0.5 0.01 0.2 0 35
0.5 0.01 0.2 0 36
0.5 0.01 0.2 0 37
0.5 0.01 0.2 0 38
0.5 0.01 0.2 0 39
0.5 0.01 0.2 0 40
0.5 0.01 0.2 0 41
0.5 0.01 0.2 0 42
0.5 0.01 0.2 0 43
0.5 0.01 0.2 0 44
0.5 0.01 0.2 0 45
0.5 0.01 0.2 0 46
0.5 0.01 0.2 0 47
0.5 0.01 0.2 0 48
0.5 0.01 0.2 0 49
0.5 0.01 0.2 0 50
0.5 0.01 0.2 0.25 1
0.5 0.01 0.2 0.25 2
0.5 0.01 0.2 0.25 3
0.5 0.01 0.2 0.25 4
0.5 0.01 0.2 0.25 5
0.5 0.01 0.2 0.25 6
0.5 0.01 0.2 0.25 7
0.5 0.01 0.2 0.25 8
0.5 0.01 0.2 0.25 9
0.5 0.01 0.2 0.25 10
0.5 0.01 0.2 0.25 11
0.5 0.01 0.2 0.25 12
0.5 0.01 0.2 0.25 13
0.5 0.01 0.2 0.25 14
0.5 0.01 0.2 0.25 15
0.5 0.01 0.2 0.25 16
0.5 0.01 0.2 0.25 17
0.5 0.01 0.2 0.25 18
0.5 0.01 0.2 0.25 19
0.5 0.01 0.2 0.25 20
0.5 0.01 0.2 0.25 21
0.5 0.01 0.2 0.25 22
0.5 0.01 0.2 0.25 23
0.5 0.01 0.2 0.25 24
0.5 0.01 0.2 0.25 25
0.5 0.01 0.2 0.25 26
0.5 0.01 0.2 0.25 27
0.5 0.01 0.2 0.25 28
0.5 0.01 0.2 0.25 29
0.5 0.01 0.2 0.25 30
0.5 0.01 0.2 0.25 31
0.5 0.01 0.2 0.25 32
0.5 0.01 0.2 0.25 33
0.5 0.01 0.2 0.25 34
0.5 0.01 0.2 0.25 35
0.5 0.01 0.2 0.25 36
0.5 0.01 0.2 0.25 37
0.5 0.01 0.2 0.25 38
0.5 0.01 0.2 0.25 39
0.5 0.01 0.2 0.25 40
0.5 0.01 0.2 0.25 41
0.5 0.01 0.2 0.25 42
0.5 0.01 0.2 0.25 43
0.5 0.01 0.2 0.25 44
0.5 0.01 0.2 0.25 45
0.5 0.01 0.2 0.25 46
0.5 0.01 0.2 0.25 47
0.5 0.01 0.2 0.25 48
0.5 0.01 0.2 0.25 49
0.5 0.01 0.2 0.25 50
0.5 0.01 0.2 0.5 1
0.5 0.01 0.2 0.5 2
0.5 0.01 0.2 0.5 3
0.5 0.01 0.2 0.5 4
0.5 0.01 0.2 0.5 5
0.5 0.01 0.2 0.5 6
0.5 0.01 0.2 0.5 7
0.5 0.01 0.2 0.5 8
0.5 0.01 0.2 0.5 9
0.5 0.01 0.2 0.5 10
0.5 0.01 0.2 0.5 11
0.5 0.01 0.2 0.5 12
0.5 0.01 0.2 0.5 13
0.5 0.01 0.2 0.5 14
0.5 0.01 0.2 0.5 15
0.5 0.01 0.2 0.5 16
0.5 0.01 0.2 0.5 17
0.5 0.01 0.2 0.5 18
0.5 0.01 0.2 0.5 19
0.5 0.01 0.2 0.5 20
0.5 0.01 0.2 0.5 21
0.5 0.01 0.2 0.5 22
0.5 0.01 0.2 0.5 23
0.5 0.01 0.2 0.5 24
0.5 0.01 0.2 0.5 25
0.5 0.01 0.2 0.5 26
0.5 0.01 0.2 0.5 27
0.5 0.01 0.2 0.5 28
0.5 0.01 0.2 0.5 29
0.5 0.01 0.2 0.5 30
0.5 0.01 0.2 0.5 31
0.5 0.01 0.2 0.5 32
0.5 0.01 0.2 0.5 33
0.5 0.01 0.2 0.5 34
0.5 0.01 0.2 0.5 35
0.5 0.01 0.2 0.5 36
0.5 0.01 0.2 0.5 37
0.5 0.01 0.2 0.5 38
0.5 0.01 0.2 0.5 39
0.5 0.01 0.2 0.5 40
0.5 0.01 0.2 0.5 41
0.5 0.01 0.2 0.5 42
0.5 0.01 0.2 0.5 43
0.5 0.01 0.2 0.5 44
0.5 0.01 0.2 0.5 45
0.5 0.01 0.2 0.5 46
0.5 0.01 0.2 0.5 47
0.5 0.01 0.2 0.5 48
0.5 0.01 0.2 0.5 49
0.5 0.01 0.2 0.5 50
0.5 0.01 0.2 1 1
0.5 0.01 0.2 1 2
0.5 0.01 0.2 1 3
0.5 0.01 0.2 1 4
0.5 0.01 0.2 1 5
0.5 0.01 0.2 1 6
0.5 0.01 0.2 1 7
0.5 0.01 0.2 1 8
0.5 0.01 0.2 1 9
0.5 0.01 0.2 1 10
0.5 0.01 0.2 1 11
0.5 0.01 0.2 1 12
0.5 0.01 0.2 1 13
0.5 0.01 0.2 1 14
0.5 0.01 0.2 1 15
0.5 0.01 0.2 1 16
0.5 0.01 0.2 1 17
0.5 0.01 0.2 1 18
0.5 0.01 0.2 1 19
0.5 0.01 0.2 1 20
0.5 0.01 0.2 1 21
0.5 0.01 0.2 1 22
0.5 0.01 0.2 1 23
0.5 0.01 0.2 1 24
0.5 0.01 0.2 1 25
0.5 0.01 0.2 1 26
0.5 0.01 0.2 1 27
0.5 0.01 0.2 1 28
0.5 0.01 0.2 1 29
0.5 0.01 0.2 1 30
0.5 0.01 0.2 1 31
0.5 0.01 0.2 1 32
0.5 0.01 0.2 1 33
0.5 0.01 0.2 1 34
0.5 0.01 0.2 1 35
0.5 0.01 0.2 1 36
0.5 0.01 0.2 1 37
0.5 0.01 0.2 1 38
0.5 0.01 0.2 1 39
0.5 0.01 0.2 1 40
0.5 0.01 0.2 1 41
0.5 0.01 0.2 1 42
0.5 0.01 0.2 1 43
0.5 0.01 0.2 1 44
0.5 0.01 0.2 1 45
0.5 0.01 0.2 1 46
0.5 0.01 0.2 1 47
0.5 0.01 0.2 1 48
0.5 0.01 0.2 1 49
0.5 0.01 0.2 1 50
0.5 0.01 0.6 0 1
0.5 0.01 0.6 0 2
0.5 0.01 0.6 0 3
0.5 0.01 0.6 0 4
0.5 0.01 0.6 0 5
0.5 0.01 0.6 0 6
0.5 0.01 0.6 0 7
0.5 0.01 0.6 0 8
0.5 0.01 0.6 0 9
0.5 0.01 0.6 0 10
0.5 0.01 0.6 0 11
0.5 0.01 0.6 0 12
0.5 0.01 0.6 0 13
0.5 0.01 0.6 0 14
0.5 0.01 0.6 0 15
0.5 0.01 0.6 0 16
0.5 0.01 0.6 0 17
0.5 0.01 0.6 0 18
0.5 0.01 0.6 0 19
0.5 0.01 0.6 0 20
0.5 0.01 0.6 0 21
0.5 0.01 0.6 0 22
0.5 0.01 0.6 0 23
0.5 0.01 0.6 0 24
0.5 0.01 0.6 0 25
0.5 0.01 0.6 0 26
0.5 0.01 0.6 0 27
0.5 0.01 0.6 0 28
0.5 0.01 0.6 0 29
0.5 0.01 0.6 0 30
0.5 0.01 0.6 0 31
0.5 0.01 0.6 0 32
0.5 0.01 0.6 0 33
0.5 0.01 0.6 0 34
0.5 0.01 0.6 0 35
0.5 0.01 0.6 0 36
0.5 0.01 0.6 0 37
0.5 0.01 0.6 0 38
0.5 0.01 0.6 0 39
0.5 0.01 0.6 0 40
0.5 0.01 0.6 0 41
0.5 0.01 0.6 0 42
0.5 0.01 0.6 0 43
0.5 0.01 0.6 0 44
0.5 0.01 0.6 0 45
0.5 0.01 0.6 0 46
0.5 0.01 0.6 0 47
0.5 0.01 0.6 0 48
0.5 0.01 0.6 0 49
0.5 0.01 0.6 0 50
0.5 0.01 0.6 0.25 1
0.5 0.01 0.6 0.25 2
0.5 0.01 0.6 0.25 3
0.5 0.01 0.6 0.25 4
0.5 0.01 0.6 0.25 5
0.5 0.01 0.6 0.25 6
0.5 0.01 0.6 0.25 7
0.5 0.01 0.6 0.25 8
0.5 0.01 0.6 0.25 9
0.5 0.01 0.6 0.25 10
0.5 0.01 0.6 0.25 11
0.5 0.01 0.6 0.25 12
0.5 0.01 0.6 0.25 13
0.5 0.01 0.6 0.25 14
0.5 0.01 0.6 0.25 15
0.5 0.01 0.6 0.25 16
0.5 0.01 0.6 0.25 17
0.5 0.01 0.6 0.25 18
0.5 0.01 0.6 0.25 19
0.5 0.01 0.6 0.25 20
0.5 0.01 0.6 0.25 21
0.5 0.01 0.6 0.25 22
0.5 0.01 0.6 0.25 23
0.5 0.01 0.6 0.25 24
0.5 0.01 0.6 0.25 25
0.5 0.01 0.6 0.25 26
0.5 0.01 0.6 0.25 27
0.5 0.01 0.6 0.25 28
0.5 0.01 0.6 0.25 29
0.5 0.01 0.6 0.25 30
0.5 0.01 0.6 0.25 31
0.5 0.01 0.6 0.25 32
0.5 0.01 0.6 0.25 33
0.5 0.01 0.6 0.25 34
0.5 0.01 0.6 0.25 35
0.5 0.01 0.6 0.25 36
0.5 0.01 0.6 0.25 37
0.5 0.01 0.6 0.25 38
0.5 0.01 0.6 0.25 39
0.5 0.01 0.6 0.25 40
0.5 0.01 0.6 0.25 41
0.5 0.01 0.6 0.25 42
0.5 0.01 0.6 0.25 43
0.5 0.01 0.6 0.25 44
0.5 0.01 0.6 0.25 45
0.5 0.01 0.6 0.25 46
0.5 0.01 0.6 0.25 47
0.5 0.01 0.6 0.25 48
0.5 0.01 0.6 0.25 49
0.5 0.01 0.6 0.25 50
0.5 0.01 0.6 0.5 1
0.5 0.01 0.6 0.5 2
0.5 0.01 0.6 0.5 3
0.5 0.01 0.6 0.5 4
0.5 0.01 0.6 0.5 5
0.5 0.01 0.6 0.5 6
0.5 0.01 0.6 0.5 7
0.5 0.01 0.6 0.5 8
0.5 0.01 0.6 0.5 9
0.5 0.01 0.6 0.5 10
0.5 0.01 0.6 0.5 11
0.5 0.01 0.6 0.5 12
0.5 0.01 0.6 0.5 13
0.5 0.01 0.6 0.5 14
0.5 0.01 0.6 0.5 15
0.5 0.01 0.6 0.5 16
0.5 0.01 0.6 0.5 17
0.5 0.01 0.6 0.5 18
0.5 0.01 0.6 0.5 19
0.5 0.01 0.6 0.5 20
0.5 0.01 0.6 0.5 21
0.5 0.01 0.6 0.5 22
0.5 0.01 0.6 0.5 23
0.5 0.01 0.6 0.5 24
0.5 0.01 0.6 0.5 25
0.5 0.01 0.6 0.5 26
0.5 0.01 0.6 0.5 27
0.5 0.01 0.6 0.5 28
0.5 0.01 0.6 0.5 29
0.5 0.01 0.6 0.5 30
0.5 0.01 0.6 0.5 31
0.5 0.01 0.6 0.5 32
0.5 0.01 0.6 0.5 33
0.5 0.01 0.6 0.5 34
0.5 0.01 0.6 0.5 35
0.5 0.01 0.6 0.5 36
0.5 0.01 0.6 0.5 37
0.5 0.01 0.6 0.5 38
0.5 0.01 0.6 0.5 39
0.5 0.01 0.6 0.5 40
0.5 0.01 0.6 0.5 41
0.5 0.01 0.6 0.5 42
0.5 0.01 0.6 0.5 43
0.5 0.01 0.6 0.5 44
0.5 0.01 0.6 0.5 45
0.5 0.01 0.6 0.5 46
0.5 0.01 0.6 0.5 47
0.5 0.01 0.6 0.5 48
0.5 0.01 0.6 0.5 49
0.5 0.01 0.6 0.5 50
0.5 0.01 0.6 1 1
0.5 0.01 0.6 1 2
0.5 0.01 0.6 1 3
0.5 0.01 0.6 1 4
0.5 0.01 0.6 1 5
0.5 0.01 0.6 1 6
0.5 0.01 0.6 1 7
0.5 0.01 0.6 1 8
0.5 0.01 0.6 1 9
0.5 0.01 0.6 1 10
0.5 0.01 0.6 1 11
0.5 0.01 0.6 1 12
0.5 0.01 0.6 1 13
0.5 0.01 0.6 1 14
0.5 0.01 0.6 1 15
0.5 0.01 0.6 1 16
0.5 0.01 0.6 1 17
0.5 0.01 0.6 1 18
0.5 0.01 0.6 1 19
0.5 0.01 0.6 1 20
0.5 0.01 0.6 1 21
0.5 0.01 0.6 1 22
0.5 0.01 0.6 1 23
0.5 0.01 0.6 1 24
0.5 0.01 0.6 1 25
0.5 0.01 0.6 1 26
0.5 0.01 0.6 1 27
0.5 0.01 0.6 1 28
0.5 0.01 0.6 1 29
0.5 0.01 0.6 1 30
0.5 0.01 0.6 1 31
0.5 0.01 0.6 1 32
0.5 0.01 0.6 1 33
0.5 0.01 0.6 1 34
0.5 0.01 0.6 1 35
0.5 0.01 0.6 1 36
0.5 0.01 0.6 1 37
0.5 0.01 0.6 1 38
0.5 0.01 0.6 1 39
0.5 0.01 0.6 1 40
0.5 0.01 0.6 1 41
0.5 0.01 0.6 1 42
0.5 0.01 0.6 1 43
0.5 0.01 0.6 1 44
0.5 0.01 0.6 1 45
0.5 0.01 0.6 1 46
0.5 0.01 0.6 1 47
0.5 0.01 0.6 1 48
0.5 0.01 0.6 1 49
0.5 0.01 0.6 1 50
