0.01 0.2 1
0.01 0.2 2
0.01 0.2 3
0.01 0.2 4
0.01 0.2 5
0.01 0.2 6
0.01 0.2 7
0.01 0.2 8
0.01 0.2 9
0.01 0.2 10
0.01 0.2 11
0.01 0.2 12
0.01 0.2 13
0.01 0.2 14
0.01 0.2 15
0.01 0.2 16
0.01 0.2 17
0.01 0.2 18
0.01 0.2 19
0.01 0.2 20
0.01 0.2 21
0.01 0.2 22
0.01 0.2 23
0.01 0.2 24
0.01 0.2 25
0.01 0.2 26
0.01 0.2 27
0.01 0.2 28
0.01 0.2 29
0.01 0.2 30
0.01 0.2 31
0.01 0.2 32
0.01 0.2 33
0.01 0.2 34
0.01 0.2 35
0.01 0.2 36
0.01 0.2 37
0.01 0.2 38
0.01 0.2 39
0.01 0.2 40
0.01 0.2 41
0.01 0.2 42
0.01 0.2 43
0.01 0.2 44
0.01 0.2 45
0.01 0.2 46
0.01 0.2 47
0.01 0.2 48
0.01 0.2 49
0.01 0.2 50
0.01 0.2 51
0.01 0.2 52
0.01 0.2 53
0.01 0.2 54
0.01 0.2 55
0.01 0.2 56
0.01 0.2 57
0.01 0.2 58
0.01 0.2 59
0.01 0.2 60
0.01 0.2 61
0.01 0.2 62
0.01 0.2 63
0.01 0.2 64
0.01 0.2 65
0.01 0.2 66
0.01 0.2 67
0.01 0.2 68
0.01 0.2 69
0.01 0.2 70
0.01 0.2 71
0.01 0.2 72
0.01 0.2 73
0.01 0.2 74
0.01 0.2 75
0.01 0.2 76
0.01 0.2 77
0.01 0.2 78
0.01 0.2 79
0.01 0.2 80
0.01 0.2 81
0.01 0.2 82
0.01 0.2 83
0.01 0.2 84
0.01 0.2 85
0.01 0.2 86
0.01 0.2 87
0.01 0.2 88
0.01 0.2 89
0.01 0.2 90
0.01 0.2 91
0.01 0.2 92
0.01 0.2 93
0.01 0.2 94
0.01 0.2 95
0.01 0.2 96
0.01 0.2 97
0.01 0.2 98
0.01 0.2 99
0.01 0.2 100
0.01 0.6 1
0.01 0.6 2
0.01 0.6 3
0.01 0.6 4
0.01 0.6 5
0.01 0.6 6
0.01 0.6 7
0.01 0.6 8
0.01 0.6 9
0.01 0.6 10
0.01 0.6 11
0.01 0.6 12
0.01 0.6 13
0.01 0.6 14
0.01 0.6 15
0.01 0.6 16
0.01 0.6 17
0.01 0.6 18
0.01 0.6 19
0.01 0.6 20
0.01 0.6 21
0.01 0.6 22
0.01 0.6 23
0.01 0.6 24
0.01 0.6 25
0.01 0.6 26
0.01 0.6 27
0.01 0.6 28
0.01 0.6 29
0.01 0.6 30
0.01 0.6 31
0.01 0.6 32
0.01 0.6 33
0.01 0.6 34
0.01 0.6 35
0.01 0.6 36
0.01 0.6 37
0.01 0.6 38
0.01 0.6 39
0.01 0.6 40
0.01 0.6 41
0.01 0.6 42
0.01 0.6 43
0.01 0.6 44
0.01 0.6 45
0.01 0.6 46
0.01 0.6 47
0.01 0.6 48
0.01 0.6 49
0.01 0.6 50
0.01 0.6 51
0.01 0.6 52
0.01 0.6 53
0.01 0.6 54
0.01 0.6 55
0.01 0.6 56
0.01 0.6 57
0.01 0.6 58
0.01 0.6 59
0.01 0.6 60
0.01 0.6 61
0.01 0.6 62
0.01 0.6 63
0.01 0.6 64
0.01 0.6 65
0.01 0.6 66
0.01 0.6 67
0.01 0.6 68
0.01 0.6 69
0.01 0.6 70
0.01 0.6 71
0.01 0.6 72
0.01 0.6 73
0.01 0.6 74
0.01 0.6 75
0.01 0.6 76
0.01 0.6 77
0.01 0.6 78
0.01 0.6 79
0.01 0.6 80
0.01 0.6 81
0.01 0.6 82
0.01 0.6 83
0.01 0.6 84
0.01 0.6 85
0.01 0.6 86
0.01 0.6 87
0.01 0.6 88
0.01 0.6 89
0.01 0.6 90
0.01 0.6 91
0.01 0.6 92
0.01 0.6 93
0.01 0.6 94
0.01 0.6 95
0.01 0.6 96
0.01 0.6 97
0.01 0.6 98
0.01 0.6 99
0.01 0.6 100
0.1 0.2 1
0.1 0.2 2
0.1 0.2 3
0.1 0.2 4
0.1 0.2 5
0.1 0.2 6
0.1 0.2 7
0.1 0.2 8
0.1 0.2 9
0.1 0.2 10
0.1 0.2 11
0.1 0.2 12
0.1 0.2 13
0.1 0.2 14
0.1 0.2 15
0.1 0.2 16
0.1 0.2 17
0.1 0.2 18
0.1 0.2 19
0.1 0.2 20
0.1 0.2 21
0.1 0.2 22
0.1 0.2 23
0.1 0.2 24
0.1 0.2 25
0.1 0.2 26
0.1 0.2 27
0.1 0.2 28
0.1 0.2 29
0.1 0.2 30
0.1 0.2 31
0.1 0.2 32
0.1 0.2 33
0.1 0.2 34
0.1 0.2 35
0.1 0.2 36
0.1 0.2 37
0.1 0.2 38
0.1 0.2 39
0.1 0.2 40
0.1 0.2 41
0.1 0.2 42
0.1 0.2 43
0.1 0.2 44
0.1 0.2 45
0.1 0.2 46
0.1 0.2 47
0.1 0.2 48
0.1 0.2 49
0.1 0.2 50
0.1 0.2 51
0.1 0.2 52
0.1 0.2 53
0.1 0.2 54
0.1 0.2 55
0.1 0.2 56
0.1 0.2 57
0.1 0.2 58
0.1 0.2 59
0.1 0.2 60
0.1 0.2 61
0.1 0.2 62
0.1 0.2 63
0.1 0.2 64
0.1 0.2 65
0.1 0.2 66
0.1 0.2 67
0.1 0.2 68
0.1 0.2 69
0.1 0.2 70
0.1 0.2 71
0.1 0.2 72
0.1 0.2 73
0.1 0.2 74
0.1 0.2 75
0.1 0.2 76
0.1 0.2 77
0.1 0.2 78
0.1 0.2 79
0.1 0.2 80
0.1 0.2 81
0.1 0.2 82
0.1 0.2 83
0.1 0.2 84
0.1 0.2 85
0.1 0.2 86
0.1 0.2 87
0.1 0.2 88
0.1 0.2 89
0.1 0.2 90
0.1 0.2 91
0.1 0.2 92
0.1 0.2 93
0.1 0.2 94
0.1 0.2 95
0.1 0.2 96
0.1 0.2 97
0.1 0.2 98
0.1 0.2 99
0.1 0.2 100
0.1 0.6 1
0.1 0.6 2
0.1 0.6 3
0.1 0.6 4
0.1 0.6 5
0.1 0.6 6
0.1 0.6 7
0.1 0.6 8
0.1 0.6 9
0.1 0.6 10
0.1 0.6 11
0.1 0.6 12
0.1 0.6 13
0.1 0.6 14
0.1 0.6 15
0.1 0.6 16
0.1 0.6 17
0.1 0.6 18
0.1 0.6 19
0.1 0.6 20
0.1 0.6 21
0.1 0.6 22
0.1 0.6 23
0.1 0.6 24
0.1 0.6 25
0.1 0.6 26
0.1 0.6 27
0.1 0.6 28
0.1 0.6 29
0.1 0.6 30
0.1 0.6 31
0.1 0.6 32
0.1 0.6 33
0.1 0.6 34
0.1 0.6 35
0.1 0.6 36
0.1 0.6 37
0.1 0.6 38
0.1 0.6 39
0.1 0.6 40
0.1 0.6 41
0.1 0.6 42
0.1 0.6 43
0.1 0.6 44
0.1 0.6 45
0.1 0.6 46
0.1 0.6 47
0.1 0.6 48
0.1 0.6 49
0.1 0.6 50
0.1 0.6 51
0.1 0.6 52
0.1 0.6 53
0.1 0.6 54
0.1 0.6 55
0.1 0.6 56
0.1 0.6 57
0.1 0.6 58
0.1 0.6 59
0.1 0.6 60
0.1 0.6 61
0.1 0.6 62
0.1 0.6 63
0.1 0.6 64
0.1 0.6 65
0.1 0.6 66
0.1 0.6 67
0.1 0.6 68
0.1 0.6 69
0.1 0.6 70
0.1 0.6 71
0.1 0.6 72
0.1 0.6 73
0.1 0.6 74
0.1 0.6 75
0.1 0.6 76
0.1 0.6 77
0.1 0.6 78
0.1 0.6 79
0.1 0.6 80
0.1 0.6 81
0.1 0.6 82
0.1 0.6 83
0.1 0.6 84
0.1 0.6 85
0.1 0.6 86
0.1 0.6 87
0.1 0.6 88
0.1 0.6 89
0.1 0.6 90
0.1 0.6 91
0.1 0.6 92
0.1 0.6 93
0.1 0.6 94
0.1 0.6 95
0.1 0.6 96
0.1 0.6 97
0.1 0.6 98
0.1 0.6 99
0.1 0.6 100
